6
66
69
83
15
47
23
4
39
38
74
73
50
83
54
69
61
42
22
56
34
43
44
16
84
60
13
29
25
81
61
63
18
82
76
9
21
44
79
32
70
75
3
67
30
32
29
21
59
45
74
49
2
46
68
54
48
50
74
29
48
44
51
88
76
80
79
47
26
32
65
19
87
88
36
56
56
24
88
12
60
57
15
55
70
87
13
23
11
65
80
37
50
15
42
82
15
85
79
76
9
27
15
77
44
86
71
47
18
17
76
81
88
30
82
10
81
45
0
37
62
67
42
81
77
41
21
39
8
0
82
43
35
71
23
88
67
36
50
59
75
27
83
2
6
72
22
63
46
89
35
33
88
23
72
34
40
76
38
15
68
70
78
70
6
41
70
18
36
83
52
85
12
27
42
43
34
80
49
25
77
85
51
48
75
56
31
7
47
85
49
88
73
50
53
79
88
83
1
86
66
78
34
54
1
33
76
85
85
34
20
27
34
58
62
33
18
25
89
76
82
62
72
70
9
80
48
32
5
39
76
42
84
81
15
21
7
66
43
85
82
63
23
1
29
30
85
55
12
31
49
19
57
87
68
82
87
34
43
66
43
86
73
21
15
35
89
84
37
84
66
19
77
37
75
45
89
79
53
38
56
84
24
72
35
89
87
83
61
39
15
63
78
7
39
24
17
51
82
77
89
23
38
59
14
50
65
3
27
39
39
21
42
29
75
69
48
40
30
73
10
77
89
3
53
82
32
76
37
81
78
42
39
86
54
55
12
56
22
20
38
11
61
49
51
83
33
79
14
64
44
25
71
38
44
1
88
53
36
24
29
17
28
43
81
4
13
35
36
42
86
30
58
81
26
48
42
78
40
85
88
40
50
77
32
45
34
78
10
37
16
56
7
60
49
25
21
32
0
22
51
63
28
76
20
89
56
53
61
52
23
81
43
1
35
82
83
9
60
1
78
80
1
61
28
20
39
75
30
88
10
56
60
75
64
83
44
28
10
84
30
80
85
50
87
68
33
89
82
86
66
11
53
79
1
76
69
34
80
26
86
32
63
79
53
29
26
84
38
80
41
80
52
39
12
79
42
21
83
78
20
1
55
68
5
84
45
82
46
60
31
4
35
62
84
52
46
75
10
84
86
28
39
83
45
67
80
62
80
56
79
85
38
85
16
54
32
75
85
85
26
50
28
47
88
62
89
22
9
44
89
63
16
69
86
27
78
31
25
88
47
34
38
81
48
40
29
18
4
49
61
8
88
67
77
84
14
46
59
36
17
15
16
4
41
0
89
68
9
47
0
74
50
80
47
35
84
89
43
83
14
39
65
56
70
17
83
75
77
46
35
79
24
17
6
31
12
63
58
30
72
77
20
83
67
44
59
58
15
78
67
30
34
83
71
19
84
67
65
81
27
76
42
22
61
27
26
32
66
44
55
53
4
81
86
81
80
59
52
53
9
63
84
58
17
13
13
48
27
34
47
32
66
30
56
15
23
80
56
36
21
55
52
46
56
1
78
81
48
87
41
20
26
85
80
29
37
42
80
45
58
12
1
35
75
43
43
49
2
83
39
63
42
64
42
15
57
60
10
85
44
88
60
37
42
60
1
85
80
16
46
0
32
32
86
80
32
86
25
39
76
79
23
50
66
82
20
78
80
1
33
26
87
33
5
86
66
1
20
4
81
10
22
47
80
87
4
21
87
84
86
70
85
87
81
75
17
55
18
74
19
31
59
67
9
74
19
75
33
5
31
10
72
65
45
53
64
46
37
75
40
73
72
77
8
69
28
29
45
31
39
81
42
69
58
60
25
56
14
46
62
86
69
52
67
61
9
54
44
73
69
87
73
86
86
89
66
83
39
20
61
53
82
89
19
5
66
16
89
83
75
72
79
0
69
3
67
84
54
77
84
46
85
54
17
15
65
34
4
13
32
33
38
59
86
73
34
29
28
84
31
29
43
86
89
17
46
77
77
76
26
66
25
88
81
49
88
17
87
86
65
33
11
70
24
85
49
28
26
76
60
80
34
87
85
42
87
20
8
68
87
21
77
43
60
28
75
62
77
81
82
73
47
84
88
60
13
51
26
40
43
24
54
31
81
55
79
28
88
74
60
34
16
15
52
26
41
44
84
40
11
28
13
45
10
39
72
57
75
50
89
6
76
48
40
25
32
21
16
89
81
82
0
66
87
16
44
82
33
62
16
71
77
20
86
82
30
77
16
36
89
89
71
46
50
89
69
60
43
86
67
76
76
73
52
86
75
50
47
4
