61.6
33.7
52.8
34.8
57.4
55.8
48.2
39.8
64.9
60.5
58.0
56.3
46.3
60.9
65.8
54.9
50.9
64.5
39.4
57.5
64.8
58.5
52.5
51.2
37.3
46.7
65.4
64.8
53.6
56.0
55.3
59.9
55.4
58.5
59.2
51.4
66.7
62.0
58.0
53.8
59.4
59.2
67.3
32.9
50.7
65.4
59.7
55.1
45.2
57.8
69.3
58.6
54.5
52.3
66.8
42.6
54.4
35.9
33.3
55.8
47.8
55.5
63.3
53.2
57.2
55.8
62.6
59.4
50.7
52.5
44.8
51.7
50.5
48.9
58.1
34.2
61.6
65.7
50.9
65.6
56.1
49.2
62.1
62.6
66.0
60.7
61.1
58.6
62.8
67.8
67.3
55.1
64.0
67.2
59.1
58.3
38.9
41.9
57.7
66.5
48.8
58.6
60.7
62.7
39.0
54.8
45.0
54.5
43.0
63.4
50.0
51.2
50.8
51.3
55.5
33.9
47.2
34.9
39.3
54.5
36.6
52.7
34.4
43.5
35.5
53.9
57.2
58.7
54.3
47.9
59.3
48.7
63.7
59.0
50.6
48.4
53.5
54.9
31.1
56.2
53.8
40.0
54.5
54.0
60.7
56.6
55.0
45.3
62.1
38.8
56.0
37.9
60.3
58.6
38.0
30.4
53.2
63.5
66.7
45.1
53.9
50.6
57.1
30.7
37.1
50.2
47.5
52.7
65.8
59.8
33.6
30.7
53.1
67.4
53.6
53.6
66.9
68.2
58.3
48.5
66.2
59.1
61.7
49.2
54.4
51.4
52.6
54.2
40.5
69.5
66.0
56.1
60.5
61.8
50.9
56.2
64.6
56.6
68.0
32.5
56.3
33.2
68.6
48.5
55.3
58.2
54.1
57.6
55.1
69.7
41.2
54.4
51.9
55.8
57.8
41.6
40.5
55.3
59.7
32.4
59.1
51.1
68.9
58.3
54.3
49.6
56.3
48.4
61.5
51.3
67.4
37.4
49.2
32.6
66.7
59.3
55.6
65.9
55.4
51.6
51.3
45.8
63.1
43.2
53.3
62.3
62.3
51.8
46.5
63.2
43.1
62.2
64.0
43.8
39.1
56.4
48.1
67.9
60.0
59.9
67.5
56.0
45.2
60.8
57.7
58.7
58.4
42.5
65.1
55.4
54.5
49.8
56.8
52.5
41.5
55.1
52.2
46.0
55.0
69.7
52.4
46.7
43.7
60.4
59.0
49.3
66.1
54.1
43.2
57.3
34.6
33.2
52.5
61.2
60.2
59.8
59.6
56.6
69.2
57.8
46.4
53.0
62.1
45.2
53.8
57.5
58.2
50.3
52.9
68.5
52.7
39.3
55.1
66.9
55.3
64.2
61.7
36.2
60.4
53.9
54.1
65.1
54.6
61.3
51.6
67.1
56.0
35.2
52.2
55.8
54.9
54.9
58.8
57.0
47.2
69.8
50.6
50.4
54.0
59.3
57.7
55.9
54.6
58.8
33.9
54.1
39.7
51.3
59.2
50.2
68.3
57.4
54.1
55.9
51.2
37.5
50.7
53.2
36.4
42.6
38.2
50.3
57.2
34.3
33.3
48.1
62.6
65.1
36.7
63.1
54.5
63.5
52.3
49.0
67.6
50.9
55.9
68.6
42.1
40.0
53.2
34.3
68.1
36.2
50.4
61.4
37.8
56.2
51.5
59.2
50.2
51.9
60.5
69.1
58.7
57.6
58.6
39.4
60.6
52.5
68.6
59.9
34.7
65.2
51.0
53.6
31.6
53.1
51.1
50.9
66.5
70.0
55.3
69.3
54.7
51.3
59.8
41.3
65.3
52.8
57.1
65.0
67.2
68.3
57.6
56.8
68.3
57.2
65.7
56.7
47.7
43.3
54.5
58.3
45.2
58.1
51.9
61.4
64.9
48.0
48.1
41.9
50.6
52.0
52.4
53.8
35.2
54.3
33.6
63.2
57.5
44.3
57.3
51.0
33.0
51.9
59.2
53.3
46.6
67.7
53.7
59.1
50.3
59.1
30.2
58.8
66.9
57.6
52.5
59.2
49.4
43.7
58.8
43.2
41.7
38.9
51.9
55.0
64.1
57.2
53.1
53.1
46.3
39.5
53.4
58.5
44.5
58.7
51.1
54.4
31.3
45.0
44.6
59.2
59.9
52.2
33.9
65.3
56.4
30.9
54.8
50.4
55.8
33.9
54.4
57.8
41.5
35.3
57.3
68.3
68.8
62.8
55.1
55.6
37.1
49.2
54.4
50.2
65.3
40.5
61.0
52.6
42.0
47.6
59.4
63.4
48.6
56.2
42.0
45.8
51.6
67.7
30.6
54.3
59.4
58.7
50.1
59.6
51.7
68.4
62.9
48.6
54.8
65.0
66.6
54.4
53.8
57.0
31.5
40.1
51.0
55.5
63.2
46.3
36.4
66.4
52.6
42.1
64.1
45.5
53.9
32.3
56.7
30.1
47.0
67.4
54.7
64.3
51.1
34.7
59.3
37.9
49.9
59.6
60.8
59.2
51.0
62.4
54.7
58.8
33.7
54.1
64.1
58.1
44.6
51.4
54.5
45.1
68.1
50.2
55.1
66.5
67.9
51.1
67.6
53.2
51.6
52.7
51.4
53.7
67.0
50.9
51.8
66.5
51.1
44.8
54.4
32.8
42.5
42.2
57.3
53.8
53.5
50.3
59.9
59.8
59.4
30.5
65.1
30.4
64.1
57.2
56.8
57.4
46.0
53.5
57.2
55.4
47.6
60.7
59.1
66.9
68.0
68.5
52.6
30.3
46.6
57.5
57.2
54.9
62.2
56.1
63.8
64.6
51.6
39.1
61.6
59.3
54.8
54.0
40.0
52.9
48.7
47.8
46.0
58.7
59.3
45.8
50.9
38.5
69.6
59.5
53.2
31.1
49.7
50.4
66.1
58.9
58.8
51.1
50.1
67.3
52.9
47.0
56.4
67.3
52.3
64.0
55.4
42.6
66.1
60.0
50.3
56.4
65.0
31.9
56.6
53.2
63.6
69.6
51.6
38.2
38.5
55.3
59.9
41.3
58.5
42.5
43.5
56.0
57.8
59.7
68.7
34.3
54.6
58.0
52.8
42.3
39.5
51.2
36.1
53.6
52.3
44.8
60.9
59.2
56.6
55.1
54.7
57.0
44.4
32.4
55.3
44.3
66.8
62.2
51.2
60.4
57.0
54.0
67.5
49.2
57.1
48.1
38.6
63.3
59.8
43.2
51.0
54.0
51.0
50.5
62.2
64.2
51.0
52.8
46.2
53.8
52.9
39.1
54.1
39.0
52.6
57.5
46.3
51.1
54.3
53.0
51.0
59.5
59.3
67.5
68.1
51.0
58.2
62.2
50.6
65.2
58.6
47.9
65.1
61.7
64.6
55.4
51.4
54.9
64.0
57.7
65.6
57.4
54.1
61.6
51.5
31.9
59.1
54.5
52.3
57.7
53.0
59.6
59.6
48.4
56.3
39.7
57.8
58.6
56.5
59.5
46.0
54.3
64.6
68.7
40.7
59.3
53.1
33.3
65.8
54.7
52.5
61.7
48.4
52.3
67.0
57.3
31.9
61.8
51.1
39.9
60.2
68.4
52.8
62.6
59.7
65.6
51.0
51.5
56.5
34.3
56.4
59.0
52.2
59.0
69.5
64.3
59.6
56.3
49.4
56.1
57.2
51.9
62.6
66.9
69.3
46.1
50.0
57.4
43.7
49.4
66.5
56.9
50.8
42.6
66.3
52.5
51.0
58.9
43.6
68.3
57.6
66.0
66.6
52.1
47.7
51.9
58.8
65.2
55.6
67.5
52.4
60.2
52.4
53.8
50.3
64.6
63.8
52.0
68.4
60.6
44.3
69.4
69.6
36.0
54.7
55.8
64.5
59.5
46.4
35.7
47.2
50.3
52.4
37.4
55.3
62.1
47.7
50.2
57.2
64.4
59.8
43.8
61.7
57.1
58.7
57.8
47.0
36.4
53.2
69.1
59.9
43.0
65.4
41.5
46.7
55.4
67.3
39.2
32.3
33.7
56.3
53.0
43.1
62.9
46.3
58.2
36.0
65.6
68.9
66.1
33.7
47.9
55.7
42.2
43.3
53.4
58.9
50.8
64.9
54.1
50.5
53.0
49.6
58.7
57.9
50.5
30.8
41.2
64.1
40.5
33.0
55.9
44.7
58.0
55.6
66.8
63.4
64.7
42.0
61.6
55.6
46.8
56.7
64.3
64.6
46.0
54.8
51.4
37.0
40.5
42.1
40.2
44.9
45.7
65.8
59.7
47.8
66.3
47.4
47.4
56.0
54.1
54.7
57.5
34.3
58.6
57.9
58.8
42.3
69.8
52.6
52.9
64.1
35.4
60.1
65.8
51.0
35.6
60.6
59.2
53.0
54.7
